   0.0013207563
   0.0003812699
   0.0003801534
   0.0011671276
  -0.0003432278
  -0.0008285241
  -0.0007173073
   0.0006934300
  -0.0005051668
  -0.0012792539
  -0.0016804801
  -0.0017530680
  -0.0014092776
  -0.0006805850
  -0.0002696897
  -0.0004271080
  -0.0001350252
  -0.0003070986
  -0.0007992143
  -0.0011851908
  -0.0016726739
  -0.0021381392
  -0.0023368172
  -0.0022132327
  -0.0019333178
  -0.0017037217
  -0.0016217973
  -0.0016492032
  -0.0016710970
  -0.0015580844
  -0.0011955405
  -0.0004513381
   0.0003616209
   0.0004852726
  -0.0005122445
  -0.0016813823
  -0.0025085481
  -0.0028500628
  -0.0028741764
  -0.0027637325
  -0.0025782573
  -0.0023056215
  -0.0019685995
  -0.0016290926
  -0.0012783051
  -0.0007772875
   0.0002353141
   0.0006270187
  -0.0014682261
  -0.0025992705
  -0.0030382242
  -0.0030371595
  -0.0027208973
  -0.0020965193
  -0.0012510145
  -0.0004722836
  -0.0000621274
  -0.0000096139
   0.0000134253
   0.0005008379
   0.0014164605
  -0.0014661587
  -0.0026529854
  -0.0029275275
  -0.0025153348
  -0.0014461989
   0.0006254891
  -0.0008957856
  -0.0023569078
  -0.0025975846
  -0.0017638326
  -0.0005034966
  -0.0020689569
  -0.0021916098
  -0.0008126155
   0.0006408016
  -0.0007009742
  -0.0018872516
  -0.0018138662
   0.0003364772
  -0.0002997296
  -0.0008484476
  -0.0016502549
  -0.0015139890
   0.0001192163
   0.0005520280
   0.0004043513
  -0.0003353567
  -0.0011744691
  -0.0012032027
  -0.0001244733
   0.0000651123
  -0.0006906311
  -0.0008102035
  -0.0013180076
  -0.0002392631
  -0.0000520694
   0.0002828530
  -0.0004575490
  -0.0012936433
  -0.0016171048
   0.0000158131
   0.0004405931
   0.0002130825
  -0.0004204527
  -0.0009641279
  -0.0017582105
  -0.0018966110
   0.0005231913
  -0.0007977022
  -0.0019746942
  -0.0022461507
  -0.0008667117
  -0.0005722783
  -0.0021281981
  -0.0026189556
  -0.0017841033
  -0.0009289674
  -0.0023823250
  -0.0029142944
  -0.0025005930
  -0.0014314317
   0.0006170623
   0.0013590081
  -0.0014626565
  -0.0026432752
  -0.0030343194
  -0.0028692001
  -0.0023978527
  -0.0016401992
  -0.0007852494
  -0.0001706736
   0.0000293768
   0.0000112976
   0.0001805998
   0.0011460730
  -0.0005713360
  -0.0020965657
  -0.0028454691
  -0.0027985533
  -0.0026862928
  -0.0025006692
  -0.0022296570
  -0.0018960295
  -0.0015613478
  -0.0012158168
  -0.0007185534
   0.0002947562
   0.0003744274
   0.0005039720
  -0.0004619712
  -0.0016216636
  -0.0024415719
  -0.0027778815
  -0.0018338233
  -0.0016023355
  -0.0015209955
  -0.0015514444
  -0.0015783484
  -0.0014711456
  -0.0011130742
  -0.0003684957
  -0.0002612346
  -0.0007478205
  -0.0011243648
  -0.0016012799
  -0.0020569832
  -0.0022475996
  -0.0021178699
  -0.0001660339
  -0.0003282539
  -0.0000344774
  -0.0004341245
  -0.0012052856
  -0.0015979335
  -0.0016601923
  -0.0013066553
  -0.0005700216
   0.0008042540
  -0.0002533186
  -0.0007379251
  -0.0006191689
   0.0012867576
   0.0004891276
   0.0004810096
   0.0014384959
   0.0032653385
   0.0023891322
   0.0023775857
   0.0028465218
   0.0034719343
   0.0034944842
   0.0029373829
   0.0013168093
   0.0019115678
   0.0026355827
   0.0030651561
   0.0030267411
   0.0026481359
   0.0021369012
   0.0014809350
   0.0003500350
   0.0010494592
   0.0015927801
   0.0018346161
   0.0017631549
   0.0014910591
   0.0012060176
  -0.0004937992
  -0.0001250875
  -0.0000230174
  -0.0001461509
   0.0007027026
   0.0015740289
   0.0019037091
   0.0017480274
  -0.0000921164
   0.0014989663
   0.0026159206
   0.0031161014
   0.0029931267
   0.0023459492
  -0.0000158268
   0.0017883023
   0.0030724287
   0.0036039392
   0.0033517478
   0.0024452162
   0.0015637440
   0.0029628813
   0.0032197171
   0.0024050289
   0.0007772872
   0.0021473882
   0.0017737782
   0.0013839699
   0.0018161808
   0.0017187844
   0.0009521676
  -0.0004318331
   0.0021217179
   0.0028939235
   0.0030904879
   0.0025917466
   0.0013995380
  -0.0003275095
   0.0014872334
   0.0027727292
   0.0035072288
   0.0035446002
   0.0028011338
   0.0013394592
   0.0022487578
   0.0031403423
   0.0032618649
   0.0024632621
   0.0008367797
   0.0016351368
   0.0022778889
   0.0017467685
   0.0000097707
   0.0005687863
  -0.0001650747
   0.0000699709
   0.0000475028
   0.0017015611
   0.0019425997
   0.0018697759
   0.0015964939
   0.0013123288
   0.0004574838
   0.0011581403
   0.0030101354
   0.0032060795
   0.0029672593
   0.0025092452
   0.0019424306
   0.0012871643
   0.0016716707
   0.0023911447
   0.0035730049
   0.0035956411
   0.0030412030
   0.0024960694
   0.0024805578
   0.0029472562
   0.0033663018
   0.0004586290
   0.0019712785
   0.0020927142
   0.0009160846
   0.0021600624
   0.0030659265
   0.0031976079
   0.0024058119
   0.0007822221
   0.0021233232
   0.0031638240
   0.0035773009
   0.0032351713
   0.0021214887
   0.0003825185
   0.0020858059
   0.0028682297
   0.0030741091
   0.0025845073
   0.0014015892
  -0.0003159112
   0.0016521390
   0.0018561707
   0.0014405472
   0.0003578617
   0.0006792077
   0.0020582431
   0.0016739433
   0.0004941808
   0.0023192319
   0.0031759928
   0.0028459983
   0.0016694350
  -0.0000718501
   0.0017414866
   0.0030291593
   0.0035595877
   0.0033015617
   0.0023831832
   0.0007283387
   0.0021108386
   0.0029280474
   0.0031062509
   0.0026990873
   0.0018213259
   0.0007141089
   0.0015832830
   0.0019096919
   0.0017493214
   0.0008898764
   0.0010337915
   0.0004089178
   0.0004767767
   0.0009070638
   0.0008636373
   0.0000091999
  -0.0002253128
  -0.0001128065
   0.0003986528
   0.0007281995
  -0.0000047900
  -0.0005611364
  -0.0008434412
  -0.0008833761
  -0.0006684249
  -0.0002219640
   0.0003076511
   0.0001793992
   0.0002544530
   0.0000046839
  -0.0005673145
  -0.0009252279
  -0.0011830551
  -0.0013410231
  -0.0013488573
  -0.0011884528
  -0.0009208365
  -0.0006584232
  -0.0004996584
  -0.0004775258
  -0.0005487120
  -0.0006201720
  -0.0005904572
  -0.0003820197
   0.0000706350
   0.0000069855
  -0.0002785578
  -0.0005173896
  -0.0008430673
  -0.0012420274
  -0.0015916267
  -0.0017830058
  -0.0018034120
  -0.0017169361
  -0.0015998298
  -0.0014954472
  -0.0014078396
  -0.0013182320
  -0.0011980375
  -0.0010073068
  -0.0006901518
  -0.0001550526
   0.0003824805
   0.0004476186
   0.0005396424
   0.0004048783
  -0.0000742901
  -0.0007777228
  -0.0014527655
  -0.0019162799
  -0.0021362537
  -0.0021744518
  -0.0020995251
  -0.0019460174
  -0.0017259963
  -0.0014607777
  -0.0011900873
  -0.0009405188
  -0.0006857557
  -0.0003392757
   0.0002770738
   0.0005195161
   0.0011037773
  -0.0005634217
  -0.0014659658
  -0.0020231871
  -0.0022608622
  -0.0022589828
  -0.0020695936
  -0.0017142040
  -0.0012327022
  -0.0007241448
  -0.0003205515
  -0.0000959811
  -0.0000008698
   0.0001075546
   0.0004306373
   0.0009301583
  -0.0004584411
  -0.0014900306
  -0.0020455716
  -0.0021861579
  -0.0019855834
  -0.0014771563
  -0.0007110662
   0.0001557043
   0.0007519943
   0.0004735799
   0.0000685740
  -0.0011655823
  -0.0018405337
  -0.0019653975
  -0.0015950008
  -0.0007642735
   0.0011294266
   0.0010845458
  -0.0003413594
  -0.0013471505
  -0.0017344790
  -0.0014748720
  -0.0005929229
   0.0012121735
   0.0006753274
   0.0011574918
  -0.0002839759
  -0.0011750031
  -0.0015030565
  -0.0011121077
  -0.0000267102
   0.0011831887
   0.0003109910
   0.0002726070
  -0.0000622267
  -0.0007262171
  -0.0012437027
  -0.0011514778
  -0.0003201687
   0.0010621099
   0.0003610194
  -0.0001872635
  -0.0006097739
  -0.0010244260
  -0.0009333673
  -0.0001455458
   0.0006475078
   0.0006921179
   0.0004337198
   0.0003902744
  -0.0000583754
  -0.0006326249
  -0.0006834852
  -0.0001106925
   0.0001400045
  -0.0003024619
  -0.0004015723
  -0.0007776812
  -0.0002050792
   0.0000418508
   0.0002875631
  -0.0001605493
  -0.0007307169
  -0.0010191585
  -0.0002309610
   0.0005605310
   0.0006024023
   0.0003386868
   0.0002570264
  -0.0002871066
  -0.0007046973
  -0.0011137971
  -0.0012242399
  -0.0003924122
   0.0009803845
   0.0002120897
   0.0001781270
  -0.0001510805
  -0.0008082896
  -0.0013198263
  -0.0014549904
  -0.0007011475
   0.0005599428
   0.0003825851
   0.0008347020
   0.0001761045
  -0.0008444964
  -0.0014825608
  -0.0017183859
  -0.0011410190
   0.0000178595
   0.0005957749
   0.0005297673
  -0.0009563238
  -0.0016590961
  -0.0019756894
  -0.0016040949
  -0.0007734146
   0.0011045809
   0.0000438963
  -0.0011834725
  -0.0018536508
  -0.0021725897
  -0.0019706876
  -0.0014619380
  -0.0006963642
   0.0001691430
   0.0007534944
   0.0004701537
   0.0008870538
  -0.0004572542
  -0.0014830976
  -0.0020345703
  -0.0022491760
  -0.0021483378
  -0.0018730228
  -0.0014466628
  -0.0009367898
  -0.0004674679
  -0.0001541770
  -0.0000113096
   0.0000662494
   0.0002470010
   0.0007836579
  -0.0000018538
  -0.0010283598
  -0.0017584978
  -0.0021429085
  -0.0021174259
  -0.0020410469
  -0.0018871345
  -0.0016677570
  -0.0014042010
  -0.0011360708
  -0.0008896562
  -0.0006380545
  -0.0002938142
   0.0003224749
   0.0003894252
   0.0004591131
   0.0005573384
   0.0004299297
  -0.0000415658
  -0.0007378370
  -0.0014067679
  -0.0018654163
  -0.0020817447
  -0.0016424240
  -0.0015238119
  -0.0014192845
  -0.0013328798
  -0.0012456627
  -0.0011286662
  -0.0009412489
  -0.0006263980
  -0.0000908973
   0.0000387460
  -0.0002428088
  -0.0004754533
  -0.0007939828
  -0.0011858763
  -0.0015291738
  -0.0017153335
  -0.0017317040
  -0.0006938699
  -0.0004727743
  -0.0003835469
  -0.0004195082
  -0.0005071530
  -0.0005432292
  -0.0004343870
  -0.0001137968
   0.0005169887
   0.0005257646
  -0.0002703933
  -0.0007074327
  -0.0010038439
  -0.0012098561
  -0.0012923399
  -0.0012077234
  -0.0009768392
   0.0005308611
   0.0003055237
   0.0002823769
   0.0004460834
   0.0004970678
  -0.0002558847
  -0.0006630349
  -0.0008198093
  -0.0007270556
  -0.0003819079
   0.0001473614
   0.0008244007
   0.0000898447
  -0.0001454064
  -0.0000288832
   0.0004884942
   0.0009657573
   0.0005021080
   0.0005645530
   0.0009966089
   0.0009906039
   0.0011288776
   0.0021771816
   0.0015996433
   0.0016045588
   0.0019085646
   0.0023198660
   0.0023487130
   0.0019772397
   0.0011626782
   0.0015978766
   0.0019730882
   0.0021229004
   0.0020244172
   0.0017686328
   0.0014202356
   0.0005802277
   0.0009869069
   0.0012581373
   0.0013435468
   0.0012622346
   0.0010926810
   0.0004828879
   0.0012025620
   0.0015735519
   0.0015993432
   0.0013384613
   0.0003741425
   0.0013886951
   0.0020419326
   0.0022706734
   0.0020879221
   0.0015497403
   0.0004024840
   0.0015000890
   0.0022066360
   0.0024189019
   0.0021449389
   0.0014708051
   0.0013306372
   0.0019978265
   0.0019788233
   0.0012602754
   0.0014125250
   0.0016715401
   0.0015587436
   0.0010222110
   0.0019179335
   0.0022710175
   0.0022018628
   0.0016749460
   0.0007235311
   0.0016838861
   0.0022734907
   0.0024145184
   0.0020434292
   0.0011730367
   0.0018630830
   0.0020496858
   0.0016767270
   0.0007551789
   0.0012442844
   0.0010881489
   0.0012369503
   0.0014168737
   0.0014117542
   0.0012735602
   0.0008872280
   0.0020636309
   0.0022133205
   0.0021149090
   0.0018609494
   0.0015180616
   0.0012523265
   0.0016880822
   0.0024091460
   0.0024386681
   0.0020704408
   0.0016958201
   0.0016969027
   0.0019979594
   0.0022676368
   0.0011581629
   0.0010102149
   0.0015165494
   0.0019541209
   0.0018763917
   0.0012230439
   0.0016214724
   0.0022218209
   0.0023710716
   0.0020065326
   0.0011411802
   0.0018816655
   0.0022429881
   0.0021810997
   0.0016609286
   0.0007158783
   0.0013988134
   0.0016649512
   0.0015594279
   0.0010306437
   0.0011810983
   0.0012679519
   0.0019368691
   0.0019129378
   0.0009435901
   0.0018690983
   0.0023336326
   0.0022915031
   0.0017953362
   0.0003490731
   0.0013660438
   0.0020192681
   0.0022457095
   0.0020580253
   0.0015112252
   0.0004826901
   0.0012015140
   0.0015704568
   0.0015928477
   0.0013267133
   0.0012458629
   0.0006654319
   0.0007598097
   0.0011315188
   0.0010477620
   0.0004112672
   0.0004809014
   0.0007196999
   0.0011790077
   0.0006732854
   0.0001898272
   0.0000766522
   0.0001572494
   0.0004578503
   0.0009595210
   0.0006608864
   0.0001457914
  -0.0001847802
  -0.0003484253
  -0.0003461553
  -0.0001797099
   0.0001216243
   0.0004794508
   0.0007124526
   0.0005249763
   0.0004041565
   0.0003661709
   0.0001311614
  -0.0002848026
  -0.0005433470
  -0.0006939287
  -0.0007424688
  -0.0006800405
  -0.0005155280
  -0.0002943092
  -0.0000867574
   0.0000440808
   0.0000730569
   0.0000236843
  -0.0000447591
  -0.0000639597
   0.0000178033
   0.0002242686
   0.0001529281
  -0.0002089118
  -0.0004570371
  -0.0006681184
  -0.0008594178
  -0.0010058360
  -0.0010723903
  -0.0010483403
  -0.0009571130
  -0.0008412809
  -0.0007397031
  -0.0006717692
  -0.0006336317
  -0.0006030755
  -0.0005469363
  -0.0004276639
  -0.0002069763
   0.0001636749
   0.0004109900
   0.0001233929
  -0.0000392098
  -0.0002097574
  -0.0004531130
  -0.0007592222
  -0.0010596655
  -0.0012818409
  -0.0013934398
  -0.0014067865
  -0.0013555956
  -0.0012707255
  -0.0011695668
  -0.0010583210
  -0.0009377766
  -0.0008034708
  -0.0006396931
  -0.0004144058
  -0.0000735210
   0.0004956116
   0.0003934392
   0.0004375569
   0.0004481231
   0.0003119171
  -0.0000151555
  -0.0004740594
  -0.0009427209
  -0.0013140667
  -0.0015419971
  -0.0016346130
  -0.0016222492
  -0.0015319751
  -0.0013811764
  -0.0011855846
  -0.0009682489
  -0.0007564173
  -0.0005647674
  -0.0003787409
  -0.0001514106
   0.0002000229
   0.0005348733
   0.0008466693
   0.0010827336
   0.0008221574
   0.0002763443
  -0.0003780033
  -0.0009703643
  -0.0013970240
  -0.0016343864
  -0.0017045547
  -0.0016375030
  -0.0014551139
  -0.0011783780
  -0.0008439550
  -0.0005101243
  -0.0002385304
  -0.0000597719
   0.0000485469
   0.0001522832
   0.0003421486
   0.0008151253
   0.0013351893
   0.0005008221
  -0.0003092307
  -0.0009845035
  -0.0014250774
  -0.0016222370
  -0.0016038468
  -0.0013970980
  -0.0010278304
  -0.0005449240
  -0.0000401991
   0.0003676395
   0.0005892834
   0.0006191003
   0.0005334616
   0.0004343949
   0.0005625305
   0.0012285084
   0.0000615479
  -0.0007297152
  -0.0012582287
  -0.0014833716
  -0.0014215004
  -0.0010983557
  -0.0005524501
   0.0001273734
   0.0011560861
   0.0008200670
   0.0008455253
   0.0013947675
   0.0002252482
  -0.0005573766
  -0.0010965729
  -0.0013086774
  -0.0011853786
  -0.0007472078
  -0.0000523584
   0.0013628754
   0.0008112442
   0.0006548417
   0.0010197789
   0.0011690116
   0.0009212402
   0.0003152218
  -0.0003948145
  -0.0009293464
  -0.0011245802
  -0.0009293075
  -0.0003644933
   0.0004589403
   0.0008578712
   0.0004548560
   0.0005517552
   0.0005017461
   0.0001663624
  -0.0003541676
  -0.0008011801
  -0.0009502217
  -0.0007022363
  -0.0000879778
   0.0007075964
   0.0012934178
   0.0007698622
   0.0002621986
   0.0001067553
  -0.0001478729
  -0.0005127344
  -0.0007721718
  -0.0007016392
  -0.0002479103
   0.0004036376
   0.0008871092
   0.0009419237
   0.0006659956
   0.0003781760
  -0.0000322281
  -0.0003431469
  -0.0005888770
  -0.0005351338
  -0.0001123836
   0.0003287894
   0.0004355569
   0.0004044391
   0.0003907132
   0.0001079104
  -0.0002869713
  -0.0003398604
  -0.0000049629
   0.0002143854
  -0.0000609730
  -0.0001443344
  -0.0004185869
  -0.0000840565
   0.0001312534
   0.0003033580
   0.0000215365
  -0.0003691269
  -0.0006073751
  -0.0001841152
   0.0002556756
   0.0003593967
   0.0003230448
   0.0002898387
  -0.0001161941
  -0.0004225656
  -0.0006639326
  -0.0007648370
  -0.0003104074
   0.0003404179
   0.0008222733
   0.0008746090
   0.0005946362
   0.0001782031
   0.0000272277
  -0.0002227070
  -0.0005826627
  -0.0008379178
  -0.0009284777
  -0.0004839881
   0.0002543607
   0.0009859792
   0.0003537822
   0.0004277726
   0.0004848958
   0.0003005027
  -0.0001488730
  -0.0006615238
  -0.0009760746
  -0.0011131517
  -0.0007251319
  -0.0000096312
   0.0011361741
   0.0007781014
   0.0010700848
   0.0010378767
   0.0005953209
  -0.0000950583
  -0.0007410729
  -0.0011141459
  -0.0013092692
  -0.0010234607
  -0.0004455655
   0.0003310099
   0.0010651934
   0.0004804785
   0.0010754394
   0.0006094735
  -0.0002184055
  -0.0008921563
  -0.0012683848
  -0.0014908408
  -0.0012938650
  -0.0008521132
  -0.0002239851
   0.0004652558
   0.0009855970
   0.0006143123
   0.0008545933
   0.0004909562
  -0.0003743946
  -0.0010411607
  -0.0014145380
  -0.0016251721
  -0.0015085250
  -0.0012161188
  -0.0007816247
  -0.0002744947
   0.0001950846
   0.0005147622
   0.0006329124
   0.0005895367
   0.0004820686
   0.0004974758
   0.0010574687
   0.0000887151
  -0.0006687136
  -0.0012282450
  -0.0015416799
  -0.0016753015
  -0.0016070824
  -0.0014242037
  -0.0011476082
  -0.0008139197
  -0.0004813811
  -0.0002115772
  -0.0000349960
   0.0000709342
   0.0001722776
   0.0003598694
   0.0005197588
   0.0008361634
   0.0010771562
   0.0008277755
   0.0002876536
  -0.0003614685
  -0.0009493513
  -0.0013724066
  -0.0016070425
  -0.0015953751
  -0.0015401506
  -0.0014173567
  -0.0012421042
  -0.0010331563
  -0.0008169943
  -0.0006169761
  -0.0004342706
  -0.0002373732
   0.0000369402
   0.0005053151
   0.0004035055
   0.0004176067
   0.0004653723
   0.0004189413
   0.0001918756
  -0.0002087016
  -0.0006834602
  -0.0011090540
  -0.0014068511
  -0.0015611814
  -0.0013297466
  -0.0012574044
  -0.0011627109
  -0.0010566729
  -0.0009421868
  -0.0008177246
  -0.0006737648
  -0.0004863370
  -0.0002132079
   0.0002213377
   0.0002614817
   0.0000609722
  -0.0000891786
  -0.0002874685
  -0.0005628088
  -0.0008712596
  -0.0011352329
  -0.0012992575
  -0.0013552402
  -0.0008315559
  -0.0007177535
  -0.0006318695
  -0.0005814129
  -0.0005522809
  -0.0005155517
  -0.0004346296
  -0.0002708233
   0.0000174877
   0.0004984991
   0.0004645321
  -0.0000118446
  -0.0003002166
  -0.0005203218
  -0.0007177882
  -0.0008864845
  -0.0009918986
  -0.0010083242
  -0.0009428977
  -0.0001085546
   0.0000679071
   0.0001477902
   0.0001306659
   0.0000611509
   0.0000073389
   0.0000327819
   0.0001766594
   0.0004511227
   0.0004886001
  -0.0000507892
  -0.0003764856
  -0.0005747341
  -0.0006707223
  -0.0006598454
  -0.0005388021
  -0.0003345821
   0.0007243470
   0.0008853966
   0.0006926196
   0.0005302568
   0.0004558002
   0.0004402365
   0.0004416739
   0.0000215070
  -0.0002243570
  -0.0003023945
  -0.0002126771
   0.0000319926
   0.0003781528
   0.0010408007
   0.0007443113
   0.0002613537
   0.0001470602
   0.0002297882
   0.0005340161
   0.0012629811
   0.0007608078
   0.0004918331
   0.0005574284
   0.0007967637
   0.0011332639
   0.0007518493
   0.0008420765
   0.0012119700
   0.0013290203
   0.0015370032
   0.0013848805
   0.0016375619
   0.0016643980
   0.0014310551
   0.0012300257
   0.0014664865
   0.0015723921
   0.0015244206
   0.0013641422
   0.0009165607
   0.0011005224
   0.0011720830
   0.0011373553
   0.0009909762
   0.0010727160
   0.0014113538
   0.0015177264
   0.0014052240
   0.0012729178
   0.0016308245
   0.0017113761
   0.0015261993
   0.0009772144
   0.0014738171
   0.0016425609
   0.0014821395
   0.0012521209
   0.0012060014
   0.0010782442
   0.0014372469
   0.0015965107
   0.0014952728
   0.0011194205
   0.0016261804
   0.0017306513
   0.0015523257
   0.0010893503
   0.0014497942
   0.0015938761
   0.0014241685
   0.0009344147
   0.0011015765
   0.0012311711
   0.0012462415
   0.0011725086
   0.0008720236
   0.0015460592
   0.0016521578
   0.0016048051
   0.0014466161
   0.0013093708
   0.0017172259
   0.0017450228
   0.0015147549
   0.0014649117
   0.0016184153
   0.0015055927
   0.0015031064
   0.0011754636
   0.0015850277
   0.0016958992
   0.0015229231
   0.0010644677
   0.0015231057
   0.0015613924
   0.0013282248
   0.0008250251
   0.0011707370
   0.0009219274
   0.0011939680
   0.0012193073
   0.0015563324
   0.0015525091
   0.0009666415
   0.0014562400
   0.0016745973
   0.0016152051
   0.0010584319
   0.0013960689
   0.0015000936
   0.0013836047
   0.0008813751
