   0.0012733107
   0.0003323608
   0.0003390250
   0.0011200603
  -0.0003945406
  -0.0008560868
  -0.0007131283
   0.0006468838
  -0.0005674904
  -0.0013118501
  -0.0016753593
  -0.0017088570
  -0.0013318971
  -0.0005812534
  -0.0002592112
  -0.0004507002
  -0.0001830303
  -0.0003860161
  -0.0008462194
  -0.0011917920
  -0.0016352130
  -0.0020600394
  -0.0022271254
  -0.0020835781
  -0.0017960024
  -0.0015712546
  -0.0015066099
  -0.0015625230
  -0.0016209760
  -0.0015475240
  -0.0012219501
  -0.0005075943
   0.0002494157
   0.0003999571
  -0.0004616035
  -0.0015870926
  -0.0023821658
  -0.0027042140
  -0.0027207686
  -0.0026142822
  -0.0024446051
  -0.0021995883
  -0.0019001324
  -0.0016037042
  -0.0012956269
  -0.0008321522
   0.0001500431
   0.0004903168
  -0.0013522324
  -0.0024570402
  -0.0028826060
  -0.0028795293
  -0.0025726284
  -0.0019699989
  -0.0011587812
  -0.0004241229
  -0.0000617760
  -0.0000538710
  -0.0000680418
   0.0003896057
   0.0012673415
  -0.0013448289
  -0.0025094616
  -0.0027754351
  -0.0023672631
  -0.0013158630
   0.0005020052
  -0.0007970129
  -0.0022321949
  -0.0024629539
  -0.0016345138
  -0.0004438844
  -0.0019767031
  -0.0020872404
  -0.0007168636
   0.0005040636
  -0.0006889086
  -0.0018385208
  -0.0017518270
   0.0001844224
  -0.0004050850
  -0.0009006933
  -0.0016566186
  -0.0015027840
   0.0001103753
   0.0004026855
   0.0002540679
  -0.0004596900
  -0.0012457268
  -0.0012462550
  -0.0001990247
  -0.0000600941
  -0.0007875479
  -0.0007874947
  -0.0012461967
  -0.0001988961
  -0.0000599834
   0.0002541279
  -0.0004597025
  -0.0012457448
  -0.0015027273
   0.0001105330
   0.0004028217
   0.0001843443
  -0.0004051851
  -0.0009007939
  -0.0016566591
  -0.0017517868
   0.0005039298
  -0.0006890408
  -0.0018385689
  -0.0020872255
  -0.0007167907
  -0.0004440092
  -0.0019767536
  -0.0024629600
  -0.0016344968
  -0.0007970899
  -0.0022322338
  -0.0027754511
  -0.0023672760
  -0.0013158932
   0.0005018706
   0.0012674108
  -0.0013448586
  -0.0025094870
  -0.0029226042
  -0.0027627584
  -0.0023072475
  -0.0015768684
  -0.0007594134
  -0.0001879726
  -0.0000300738
  -0.0000842670
   0.0000557862
   0.0010393782
  -0.0005042078
  -0.0020036993
  -0.0027381541
  -0.0027207858
  -0.0026142913
  -0.0024446122
  -0.0021996082
  -0.0019001766
  -0.0016037690
  -0.0012956963
  -0.0008322137
   0.0001499847
   0.0002495419
   0.0004001015
  -0.0004614988
  -0.0015870527
  -0.0023821690
  -0.0027042332
  -0.0017960235
  -0.0015712421
  -0.0015065671
  -0.0015624680
  -0.0016209289
  -0.0015474927
  -0.0012219306
  -0.0005075762
  -0.0003859458
  -0.0008461411
  -0.0011917179
  -0.0016351697
  -0.0020600402
  -0.0022271587
  -0.0020836181
  -0.0002590751
  -0.0004505935
  -0.0001829409
  -0.0005674971
  -0.0013118599
  -0.0016753884
  -0.0017089200
  -0.0013319888
  -0.0005813416
   0.0006470182
  -0.0003946236
  -0.0008561834
  -0.0007132598
   0.0011201487
   0.0003322240
   0.0003388705
   0.0012732382
   0.0032355547
   0.0023442898
   0.0023386591
   0.0028295169
   0.0034668260
   0.0034764288
   0.0028992954
   0.0012976896
   0.0019216479
   0.0026615823
   0.0030890159
   0.0030327533
   0.0026279758
   0.0020948641
   0.0014335167
   0.0003951571
   0.0011123105
   0.0016590963
   0.0018914347
   0.0017994677
   0.0014988852
   0.0011826620
  -0.0003805789
  -0.0000166347
   0.0000691595
  -0.0000806874
   0.0007731474
   0.0015989010
   0.0018843664
   0.0016854214
   0.0000127344
   0.0015625187
   0.0026372448
   0.0030955562
   0.0029315383
   0.0022437848
   0.0000650930
   0.0018341430
   0.0030783187
   0.0035684695
   0.0032751889
   0.0023281171
   0.0015828965
   0.0029420064
   0.0031537256
   0.0022939726
   0.0007615386
   0.0020968716
   0.0016754533
   0.0012828850
   0.0017559016
   0.0017015478
   0.0009819797
  -0.0003497870
   0.0020023838
   0.0028124345
   0.0030486572
   0.0025927568
   0.0014473896
  -0.0002281398
   0.0013326093
   0.0026562466
   0.0034288218
   0.0035064325
   0.0028063377
   0.0013915898
   0.0021176813
   0.0030501170
   0.0032138973
   0.0024602727
   0.0008812688
   0.0015104749
   0.0022021398
   0.0017214438
   0.0000344725
   0.0005152071
  -0.0001648459
   0.0000604759
   0.0000177408
   0.0016590789
   0.0018914598
   0.0017995294
   0.0014989725
   0.0011827619
   0.0003950629
   0.0011122512
   0.0029328975
   0.0031189360
   0.0028576141
   0.0023717836
   0.0017826730
   0.0011497986
   0.0015655712
   0.0023074464
   0.0034667995
   0.0034764436
   0.0028993114
   0.0023442562
   0.0023385822
   0.0028294476
   0.0032355243
   0.0005150943
   0.0019700858
   0.0021290693
   0.0009992291
   0.0021176335
   0.0030500760
   0.0032138524
   0.0024602174
   0.0008812004
   0.0020552871
   0.0031203117
   0.0035625069
   0.0032535281
   0.0021777780
   0.0004821206
   0.0020024534
   0.0028124935
   0.0030487050
   0.0025927905
   0.0014474061
  -0.0002281425
   0.0015703909
   0.0018074102
   0.0014264935
   0.0003811972
   0.0007616380
   0.0020969578
   0.0016755505
   0.0006081438
   0.0023880299
   0.0031998062
   0.0028321645
   0.0016289837
   0.0000651427
   0.0018341736
   0.0030783291
   0.0035684649
   0.0032751787
   0.0023281149
   0.0008329280
   0.0021712702
   0.0029468685
   0.0030867613
   0.0026451824
   0.0017375292
   0.0007730900
   0.0015988229
   0.0018842722
   0.0016853167
   0.0008626866
   0.0010034073
   0.0003796202
   0.0004498726
   0.0008938156
   0.0008363492
  -0.0000236099
  -0.0002452197
  -0.0001136186
   0.0004167662
   0.0006991335
  -0.0000469699
  -0.0005888949
  -0.0008499881
  -0.0008661518
  -0.0006291400
  -0.0001659770
   0.0003041560
   0.0001577510
   0.0002230671
  -0.0000487363
  -0.0006031240
  -0.0009373055
  -0.0011681597
  -0.0012995350
  -0.0012846213
  -0.0011077520
  -0.0008312783
  -0.0005681829
  -0.0004169258
  -0.0004098195
  -0.0005019528
  -0.0005977105
  -0.0005924062
  -0.0004050903
   0.0000331523
  -0.0000557294
  -0.0003203194
  -0.0005323360
  -0.0008278347
  -0.0011969498
  -0.0015206058
  -0.0016922814
  -0.0017002412
  -0.0016088548
  -0.0014944324
  -0.0014002502
  -0.0013298604
  -0.0012631959
  -0.0011694363
  -0.0010057409
  -0.0007133065
  -0.0001981929
   0.0002973557
   0.0003801004
   0.0004969696
   0.0003930580
  -0.0000525108
  -0.0007239237
  -0.0013721444
  -0.0018159259
  -0.0020236713
  -0.0020569534
  -0.0019842919
  -0.0018402900
  -0.0016369270
  -0.0013947502
  -0.0011516607
  -0.0009314921
  -0.0007049258
  -0.0003830904
   0.0002134713
   0.0004176278
   0.0010166207
  -0.0004941323
  -0.0013724829
  -0.0019134855
  -0.0021425518
  -0.0021392271
  -0.0019555341
  -0.0016132485
  -0.0011522208
  -0.0006704692
  -0.0002976373
  -0.0001044815
  -0.0000382827
   0.0000456785
   0.0003492903
   0.0008194215
  -0.0003845345
  -0.0013935983
  -0.0019354586
  -0.0020705417
  -0.0018723248
  -0.0013744289
  -0.0006274290
   0.0002122490
   0.0006824329
   0.0003833716
   0.0001256283
  -0.0010830616
  -0.0017424379
  -0.0018611296
  -0.0014937274
  -0.0006756026
   0.0010369018
   0.0009672325
  -0.0002937413
  -0.0012761503
  -0.0016510976
  -0.0013900910
  -0.0005180259
   0.0011065457
   0.0005593120
   0.0010674964
  -0.0002673673
  -0.0011319413
  -0.0014457752
  -0.0010539468
   0.0000185159
   0.0010735506
   0.0002047707
   0.0001977656
  -0.0001013420
  -0.0007314004
  -0.0012249200
  -0.0011240055
  -0.0003012463
   0.0009579541
   0.0002421504
  -0.0002731916
  -0.0006595493
  -0.0010441134
  -0.0009415567
  -0.0001664125
   0.0005955445
   0.0006051859
   0.0003177856
   0.0002726614
  -0.0001587448
  -0.0006968465
  -0.0007286372
  -0.0001760848
   0.0000399153
  -0.0003841969
  -0.0003841592
  -0.0007286001
  -0.0001760080
   0.0000399906
   0.0002727055
  -0.0001587477
  -0.0006968522
  -0.0009415219
  -0.0001663267
   0.0005956543
   0.0006052892
   0.0003178834
   0.0002421038
  -0.0002732482
  -0.0006596004
  -0.0010441309
  -0.0011239786
  -0.0003011710
   0.0009580405
   0.0002046852
   0.0001976695
  -0.0001014361
  -0.0007314676
  -0.0012249429
  -0.0013404616
  -0.0005933029
   0.0005138717
   0.0003519080
   0.0008215164
   0.0002477075
  -0.0007490675
  -0.0013724483
  -0.0015991849
  -0.0010269513
   0.0001168036
   0.0005353316
   0.0004886084
  -0.0008534147
  -0.0015437358
  -0.0018611384
  -0.0014937270
  -0.0006756030
   0.0010368202
   0.0001255810
  -0.0010830986
  -0.0017424605
  -0.0020705549
  -0.0018723366
  -0.0013744473
  -0.0006274669
   0.0002121791
   0.0006823246
   0.0003832737
   0.0008194772
  -0.0003845465
  -0.0013936170
  -0.0019354758
  -0.0021656606
  -0.0020683112
  -0.0018028469
  -0.0013929600
  -0.0009057357
  -0.0004635440
  -0.0001790086
  -0.0000633893
  -0.0000093526
   0.0001523311
   0.0007050941
   0.0000334673
  -0.0009713985
  -0.0016863030
  -0.0020619759
  -0.0020569670
  -0.0019843020
  -0.0018402992
  -0.0016369419
  -0.0013947774
  -0.0011517023
  -0.0009315435
  -0.0007049790
  -0.0003831406
   0.0002134208
   0.0002974497
   0.0003801972
   0.0004970738
   0.0003931568
  -0.0000524361
  -0.0007238831
  -0.0013721339
  -0.0018159337
  -0.0020236859
  -0.0016088695
  -0.0014944336
  -0.0014002389
  -0.0013298431
  -0.0012631809
  -0.0011694286
  -0.0010057403
  -0.0007133091
  -0.0001981941
  -0.0000556663
  -0.0003202555
  -0.0005322751
  -0.0008277892
  -0.0011969294
  -0.0015206101
  -0.0016923010
  -0.0017002637
  -0.0006908149
  -0.0004746432
  -0.0003964833
  -0.0004486869
  -0.0005561282
  -0.0006134658
  -0.0005253222
  -0.0002234605
   0.0003916609
   0.0004131995
  -0.0003677603
  -0.0007869845
  -0.0010634113
  -0.0012489474
  -0.0013130241
  -0.0012144127
  -0.0009754091
   0.0004478917
   0.0002044623
   0.0001657741
   0.0003190397
   0.0003795819
  -0.0003597286
  -0.0007502917
  -0.0008891670
  -0.0007794129
  -0.0004208221
   0.0001161937
   0.0006992243
  -0.0000236868
  -0.0002453024
  -0.0001137176
   0.0004166548
   0.0008363990
   0.0003795204
   0.0004497656
   0.0008936931
   0.0008626363
   0.0010033144
   0.0021569094
   0.0015696256
   0.0015777288
   0.0018968471
   0.0023170160
   0.0023366197
   0.0019513784
   0.0011631310
   0.0016136257
   0.0019934455
   0.0021365939
   0.0020230971
   0.0017499465
   0.0013902413
   0.0006211366
   0.0010352937
   0.0013045811
   0.0013796492
   0.0012813096
   0.0010908354
   0.0005401832
   0.0012266453
   0.0015649197
   0.0015586062
   0.0012658963
   0.0004368010
   0.0014206614
   0.0020422743
   0.0022393925
   0.0020253910
   0.0014561381
   0.0004473101
   0.0015182415
   0.0021949570
   0.0023763261
   0.0020714412
   0.0013664287
   0.0013273559
   0.0019642422
   0.0019121369
   0.0012136855
   0.0013334038
   0.0016222774
   0.0015411781
   0.0010388620
   0.0018322406
   0.0022144181
   0.0021760763
   0.0016821954
   0.0007663470
   0.0015785679
   0.0021979892
   0.0023699250
   0.0020315907
   0.0011960345
   0.0017781787
   0.0019969513
   0.0016574348
   0.0007705446
   0.0011684689
   0.0010492720
   0.0011927568
   0.0013667255
   0.0013482745
   0.0011909911
   0.0008405271
   0.0019934267
   0.0021366058
   0.0020231327
   0.0017499944
   0.0013902880
   0.0011630580
   0.0016135763
   0.0023169940
   0.0023366275
   0.0019513875
   0.0015695978
   0.0015776694
   0.0018967943
   0.0021568846
   0.0011683960
   0.0010491998
   0.0014938077
   0.0019523460
   0.0018997390
   0.0012757740
   0.0015785604
   0.0021979822
   0.0023699136
   0.0020315717
   0.0011960057
   0.0018322741
   0.0022144445
   0.0021760942
   0.0016822031
   0.0007663429
   0.0013334710
   0.0016223336
   0.0015412238
   0.0010388957
   0.0012137548
   0.0013274063
   0.0019642836
   0.0019121784
   0.0010212567
   0.0019149358
   0.0023493792
   0.0022804476
   0.0017621117
   0.0004368087
   0.0014206546
   0.0020422541
   0.0022393624
   0.0020253554
   0.0014561018
   0.0005401529
   0.0012266005
   0.0015648627
   0.0015585400
   0.0012658228
   0.0012284190
   0.0006510161
   0.0007426168
   0.0011171801
   0.0010305052
   0.0003946463
   0.0004643896
   0.0007111731
   0.0011622033
   0.0006587328
   0.0001695605
   0.0000633605
   0.0001557256
   0.0004684352
   0.0009467637
   0.0006439919
   0.0001196757
  -0.0002031535
  -0.0003536467
  -0.0003360565
  -0.0001551447
   0.0001572520
   0.0005209750
   0.0007233039
   0.0005220040
   0.0003903306
   0.0003478643
   0.0000974821
  -0.0003082137
  -0.0005515449
  -0.0006844163
  -0.0007152556
  -0.0006374557
  -0.0004616737
  -0.0002343947
  -0.0000265012
   0.0000989943
   0.0001175584
   0.0000539583
  -0.0000306744
  -0.0000657419
   0.0000029923
   0.0002020397
   0.0001102655
  -0.0002396534
  -0.0004713914
  -0.0006633516
  -0.0008348642
  -0.0009629523
  -0.0010143697
  -0.0009795134
  -0.0008824185
  -0.0007659094
  -0.0006688338
  -0.0006102680
  -0.0005856426
  -0.0005715418
  -0.0005331696
  -0.0004310918
  -0.0002250898
   0.0001353842
   0.0003536745
   0.0000764772
  -0.0000704687
  -0.0002213340
  -0.0004427654
  -0.0007269835
  -0.0010077678
  -0.0012141185
  -0.0013146011
  -0.0013218871
  -0.0012697874
  -0.0011891455
  -0.0010971823
  -0.0009996174
  -0.0008962905
  -0.0007812945
  -0.0006371394
  -0.0004299660
  -0.0001040515
   0.0004548542
   0.0003303203
   0.0003878587
   0.0004167875
   0.0003026743
  -0.0000006049
  -0.0004364638
  -0.0008849859
  -0.0012404805
  -0.0014574406
  -0.0015440773
  -0.0015306878
  -0.0014443194
  -0.0013023077
  -0.0011201177
  -0.0009200987
  -0.0007282589
  -0.0005576030
  -0.0003917832
  -0.0001823312
   0.0001546891
   0.0004595029
   0.0007832387
   0.0010367008
   0.0008229198
   0.0003021239
  -0.0003295128
  -0.0009032672
  -0.0013162731
  -0.0015450894
  -0.0016117038
  -0.0015460105
  -0.0013699182
  -0.0011044019
  -0.0007857957
  -0.0004714984
  -0.0002216633
  -0.0000650155
   0.0000226584
   0.0001085701
   0.0002842346
   0.0007336393
   0.0012674061
   0.0005299223
  -0.0002573361
  -0.0009148524
  -0.0013432877
  -0.0015338764
  -0.0015143208
  -0.0013118085
  -0.0009522760
  -0.0004844894
   0.0000004414
   0.0003853332
   0.0005830430
   0.0005902026
   0.0004849255
   0.0003701852
   0.0004698628
   0.0011472958
   0.0001013821
  -0.0006701338
  -0.0011850604
  -0.0014028788
  -0.0013398256
  -0.0010216794
  -0.0004870726
   0.0001753883
   0.0011090052
   0.0007546594
   0.0007546007
   0.0013195388
   0.0002501635
  -0.0005116671
  -0.0010363313
  -0.0012406111
  -0.0011162485
  -0.0006838725
  -0.0000017219
   0.0012994845
   0.0007319072
   0.0005627433
   0.0009456371
   0.0011179152
   0.0008967718
   0.0003175368
  -0.0003694014
  -0.0008872503
  -0.0010734952
  -0.0008773740
  -0.0003200258
   0.0004878796
   0.0007738466
   0.0003634477
   0.0004803778
   0.0004542723
   0.0001447206
  -0.0003519088
  -0.0007808036
  -0.0009199806
  -0.0006715025
  -0.0000663388
   0.0007114741
   0.0012253832
   0.0006836999
   0.0001772787
   0.0000446817
  -0.0001851047
  -0.0005269760
  -0.0007701915
  -0.0006937464
  -0.0002457525
   0.0003894820
   0.0008499292
   0.0008806188
   0.0005837742
   0.0002835940
  -0.0001035792
  -0.0003892279
  -0.0006143829
  -0.0005527288
  -0.0001382239
   0.0002822811
   0.0003647879
   0.0003125412
   0.0002970819
   0.0000259186
  -0.0003438550
  -0.0003834036
  -0.0000620133
   0.0001330880
  -0.0001300174
  -0.0001299898
  -0.0003833780
  -0.0000619629
   0.0001331409
   0.0002971145
   0.0000259202
  -0.0003438554
  -0.0005527056
  -0.0001381716
   0.0002823488
   0.0003648573
   0.0003126115
   0.0002835665
  -0.0001036130
  -0.0003892563
  -0.0006143905
  -0.0006937278
  -0.0002457057
   0.0003895487
   0.0008500023
   0.0008806882
   0.0005838404
   0.0001772226
   0.0000446235
  -0.0001851584
  -0.0005270133
  -0.0007702029
  -0.0008453701
  -0.0004059974
   0.0003192037
   0.0009685095
   0.0003372265
   0.0004241236
   0.0004987222
   0.0003346216
  -0.0000948399
  -0.0005913200
  -0.0008957766
  -0.0010234522
  -0.0006396446
   0.0000645333
   0.0011073745
   0.0007650680
   0.0010728496
   0.0010606383
   0.0006394082
  -0.0000316305
  -0.0006628533
  -0.0010269970
  -0.0012187148
  -0.0009362729
  -0.0003676799
   0.0003935629
   0.0010253085
   0.0004492059
   0.0010514913
   0.0006597516
  -0.0001505479
  -0.0008114231
  -0.0011800467
  -0.0014048694
  -0.0012108974
  -0.0007775457
  -0.0001633983
   0.0005067628
   0.0009420079
   0.0005592508
   0.0008154105
   0.0005386582
  -0.0003097748
  -0.0009643850
  -0.0013306598
  -0.0015484835
  -0.0014345136
  -0.0011495079
  -0.0007272766
  -0.0002369737
   0.0002122845
   0.0005100182
   0.0006068750
   0.0005448993
   0.0004229260
   0.0004462068
   0.0010114880
   0.0001308215
  -0.0006111990
  -0.0011597721
  -0.0014668451
  -0.0016117152
  -0.0015460219
  -0.0013699322
  -0.0011044228
  -0.0007858283
  -0.0004715452
  -0.0002217225
  -0.0000650813
   0.0000225922
   0.0001085065
   0.0002841699
   0.0004595688
   0.0007833055
   0.0010367699
   0.0008229718
   0.0003021566
  -0.0003294993
  -0.0009032678
  -0.0013162816
  -0.0015451007
  -0.0015479597
  -0.0014953739
  -0.0013794033
  -0.0012150535
  -0.0010206659
  -0.0008218260
  -0.0006405460
  -0.0004764599
  -0.0002967354
  -0.0000373173
   0.0004188985
   0.0003332398
   0.0003545475
   0.0004139744
   0.0003828734
   0.0001735145
  -0.0002088531
  -0.0006668810
  -0.0010787560
  -0.0013666904
  -0.0015153041
  -0.0013010721
  -0.0012316240
  -0.0011440273
  -0.0010490102
  -0.0009488526
  -0.0008409959
  -0.0007145762
  -0.0005442564
  -0.0002867485
   0.0001342900
   0.0001869432
  -0.0000031203
  -0.0001396005
  -0.0003218626
  -0.0005803074
  -0.0008728123
  -0.0011233977
  -0.0012776442
  -0.0013279597
  -0.0008238408
  -0.0007131846
  -0.0006344839
  -0.0005947980
  -0.0005792418
  -0.0005577882
  -0.0004925647
  -0.0003436833
  -0.0000685854
   0.0004018354
   0.0003798090
  -0.0000873541
  -0.0003637870
  -0.0005698943
  -0.0007523907
  -0.0009066513
  -0.0009996858
  -0.0010069492
  -0.0009362580
  -0.0001234973
   0.0000492376
   0.0001212307
   0.0000928228
   0.0000097893
  -0.0000583555
  -0.0000465993
   0.0000856025
   0.0003520243
   0.0003989394
  -0.0001315339
  -0.0004455831
  -0.0006305745
  -0.0007130557
  -0.0006900625
  -0.0005598038
  -0.0003503198
   0.0006861032
   0.0008235802
   0.0006184494
   0.0004442587
   0.0003603574
   0.0003399952
   0.0003488804
  -0.0000640100
  -0.0002994944
  -0.0003658939
  -0.0002650690
  -0.0000116354
   0.0003395018
   0.0009468279
   0.0006440511
   0.0001694968
   0.0000632950
   0.0001556535
   0.0004683603
   0.0011622428
   0.0006587609
   0.0003945744
   0.0004643147
   0.0007110940
   0.0010305008
   0.0006509803
   0.0007425548
   0.0011171127
   0.0012283795
   0.0015237680
   0.0013768758
   0.0016356247
   0.0016564394
   0.0014143128
   0.0012398519
   0.0014797611
   0.0015812599
   0.0015231793
   0.0013516053
   0.0009479917
   0.0011309192
   0.0011954168
   0.0011490093
   0.0009857598
   0.0010897570
   0.0014051507
   0.0014883873
   0.0013529909
   0.0012807085
   0.0016157583
   0.0016731721
   0.0014649345
   0.0009829149
   0.0014576265
   0.0016029725
   0.0014187128
   0.0012188831
   0.0011682534
   0.0010643631
   0.0013718920
   0.0015532397
   0.0014753551
   0.0011243278
   0.0015625510
   0.0016893451
   0.0015344744
   0.0010962115
   0.0013781757
   0.0015457428
   0.0014003715
   0.0009359095
   0.0010530400
   0.0011784942
   0.0011840545
   0.0010967960
   0.0008214472
   0.0014797447
   0.0015812647
   0.0015232006
   0.0013516356
   0.0012398144
   0.0016356062
   0.0016564412
   0.0014143155
   0.0013768361
   0.0015237475
   0.0014987224
   0.0015137664
   0.0012062472
   0.0015625524
   0.0016893429
   0.0015344668
   0.0010961974
   0.0014931847
   0.0015482441
   0.0013336732
   0.0008508631
   0.0011473915
   0.0009174815
   0.0012189229
   0.0012585311
   0.0015731927
   0.0015494034
   0.0010156616
   0.0014823087
   0.0016791597
   0.0016004439
   0.0010897402
   0.0014051255
   0.0014883557
   0.0013529549
   0.0008873915
