   0.0008518118
   0.0007853419
   0.0001221235
  -0.0002152305
   0.0000658994
   0.0010281630
  -0.0004770069
  -0.0010822689
  -0.0012170546
  -0.0007514360
   0.0008053994
  -0.0005007224
  -0.0011825407
  -0.0016127282
  -0.0018260594
  -0.0016826079
  -0.0011083732
  -0.0000901328
  -0.0000248790
  -0.0002291566
  -0.0005136748
  -0.0008144258
  -0.0013243125
  -0.0018781542
  -0.0021717419
  -0.0021029632
  -0.0018053539
  -0.0014865696
  -0.0012956571
  -0.0012658712
  -0.0013131582
  -0.0012816343
  -0.0010206230
  -0.0004321580
   0.0002776792
   0.0006857700
  -0.0013329726
  -0.0021679196
  -0.0025103083
  -0.0025241677
  -0.0024048188
  -0.0022551969
  -0.0020992249
  -0.0019313941
  -0.0017260301
  -0.0014127458
  -0.0008819919
   0.0000691035
   0.0004535043
  -0.0012695905
  -0.0022721150
  -0.0026532701
  -0.0026557721
  -0.0024333668
  -0.0020455664
  -0.0015649474
  -0.0011309633
  -0.0008511284
  -0.0006646387
  -0.0003736674
   0.0003122294
  -0.0014498639
  -0.0023739310
  -0.0025606725
  -0.0022270165
  -0.0014687333
   0.0005119670
   0.0002480688
  -0.0012059029
  -0.0022042389
  -0.0022649683
  -0.0015219276
   0.0009127792
  -0.0010970949
  -0.0020383821
  -0.0018712240
  -0.0005590429
   0.0000898887
   0.0001303535
  -0.0003176019
  -0.0012736806
  -0.0018960573
  -0.0014796913
   0.0001196968
  -0.0006464616
  -0.0012146761
  -0.0016733512
  -0.0011812240
   0.0004263522
   0.0001417669
  -0.0004331362
  -0.0011728496
  -0.0009383250
   0.0001668035
   0.0000984915
  -0.0005820300
  -0.0005836510
  -0.0009375159
   0.0001703150
   0.0000991137
   0.0001382227
  -0.0004399937
  -0.0011775946
  -0.0011787655
   0.0004276084
   0.0001073297
  -0.0006578826
  -0.0012231788
  -0.0016765955
  -0.0014769445
   0.0000738025
   0.0001148314
  -0.0003300186
  -0.0012807724
  -0.0018978469
  -0.0018691057
  -0.0005548751
   0.0008950726
  -0.0011017805
  -0.0020391389
  -0.0022635301
  -0.0015200932
  -0.0012067520
  -0.0022037314
  -0.0025595824
  -0.0022264502
  -0.0014694766
   0.0005061841
   0.0002448139
  -0.0014474888
  -0.0023723965
  -0.0026883296
  -0.0025677592
  -0.0022580028
  -0.0018115547
  -0.0013365979
  -0.0009759251
  -0.0007613844
  -0.0005483806
  -0.0001113328
   0.0010646835
  -0.0018582575
  -0.0025227196
  -0.0025241019
  -0.0024050634
  -0.0022553815
  -0.0020993770
  -0.0019315764
  -0.0017258733
  -0.0014113683
  -0.0008783576
   0.0000760004
   0.0002805547
   0.0006909483
  -0.0013257007
  -0.0021642847
  -0.0025090819
  -0.0018071530
  -0.0014875993
  -0.0012948269
  -0.0012629383
  -0.0013085368
  -0.0012756946
  -0.0010131214
  -0.0004220113
  -0.0002251888
  -0.0005078550
  -0.0008068625
  -0.0013172150
  -0.0018737032
  -0.0021704678
  -0.0021039774
  -0.0000778912
  -0.0000107275
  -0.0004982490
  -0.0011796876
  -0.0016100939
  -0.0018253179
  -0.0016848944
  -0.0011131557
   0.0008212688
  -0.0004766553
  -0.0010827460
  -0.0012196087
  -0.0007573290
   0.0010411690
   0.0001212055
  -0.0002176553
   0.0000599869
   0.0008549898
   0.0007840501
   0.0024762181
   0.0018004038
   0.0016359326
   0.0019650969
   0.0026100663
   0.0027920001
   0.0023606078
   0.0005213440
   0.0010635686
   0.0018220544
   0.0023687587
   0.0025027190
   0.0022735002
   0.0018186191
   0.0011693000
  -0.0003304226
   0.0004358404
   0.0010804786
   0.0014584031
   0.0015412247
   0.0013995185
   0.0011648930
  -0.0002456360
  -0.0000105127
  -0.0000110152
   0.0001506850
   0.0007906683
   0.0010299829
   0.0009301833
  -0.0002158265
   0.0010149462
   0.0018419900
   0.0022024224
   0.0021096073
   0.0016288547
   0.0000033819
   0.0014282132
   0.0023909868
   0.0027748626
   0.0025748843
   0.0018610925
  -0.0002832536
   0.0013799013
   0.0024490431
   0.0026232360
   0.0019546280
   0.0008035180
   0.0018866853
   0.0015401607
   0.0007203753
   0.0001001940
   0.0012086527
   0.0016264111
   0.0015429850
   0.0008694898
  -0.0003586688
   0.0017194108
   0.0023928234
   0.0025419671
   0.0021011994
   0.0010761610
  -0.0004304211
   0.0021392252
   0.0027346784
   0.0027311621
   0.0020835499
   0.0008330244
   0.0015628825
   0.0022761195
   0.0023313938
   0.0016247533
   0.0002158448
   0.0013904909
   0.0008811832
  -0.0004643791
  -0.0000958904
   0.0000165239
  -0.0000680569
   0.0010782034
   0.0014585107
   0.0015442258
   0.0014057460
   0.0011745531
  -0.0003351798
   0.0004318817
   0.0021395087
   0.0024903767
   0.0024286284
   0.0020777330
   0.0015248380
   0.0007322230
   0.0014426346
   0.0026097705
   0.0027948576
   0.0023657364
   0.0018038749
   0.0016359847
   0.0019635260
   0.0024776372
   0.0012332144
   0.0012676415
   0.0002088913
   0.0015509526
   0.0022674959
   0.0023252746
   0.0016204721
   0.0002128136
   0.0016363355
   0.0025009772
   0.0028089811
   0.0024860977
   0.0015268558
   0.0000251177
   0.0017164098
   0.0023916391
   0.0025425975
   0.0021033737
   0.0010794772
  -0.0004264655
   0.0014720781
   0.0016591897
   0.0012858693
   0.0003233176
   0.0001068759
   0.0007225868
   0.0008065140
   0.0018885493
   0.0015414333
   0.0005918058
   0.0020181279
   0.0026527962
   0.0023784647
   0.0014092782
   0.0000060868
   0.0014294008
   0.0023907267
   0.0027735151
   0.0025729329
   0.0018590098
   0.0004430518
   0.0014834329
   0.0020787931
   0.0022059633
   0.0019095939
   0.0012554690
   0.0001480338
   0.0007868258
   0.0010254855
   0.0009256725
   0.0006593283
   0.0006493847
   0.0002729765
   0.0001305263
   0.0002955092
   0.0007881036
  -0.0000857362
  -0.0004174230
  -0.0004565337
  -0.0001476699
   0.0007977546
  -0.0000239551
  -0.0005443527
  -0.0008454321
  -0.0009638082
  -0.0008704278
  -0.0005406992
  -0.0000305101
   0.0005928929
   0.0004012063
   0.0003253474
   0.0000082116
  -0.0004307262
  -0.0007295897
  -0.0009900928
  -0.0011996190
  -0.0012794666
  -0.0011770075
  -0.0009220605
  -0.0006109551
  -0.0003537849
  -0.0002225333
  -0.0002193538
  -0.0002775647
  -0.0002962306
  -0.0001877785
   0.0000957495
   0.0000873165
  -0.0000495447
  -0.0002122297
  -0.0005185519
  -0.0009363466
  -0.0013209797
  -0.0015448925
  -0.0015797994
  -0.0014809416
  -0.0013298929
  -0.0011906012
  -0.0010916751
  -0.0010258508
  -0.0009565325
  -0.0008280782
  -0.0005788320
  -0.0001408526
   0.0003595241
   0.0005875682
   0.0007611030
   0.0002010805
  -0.0004858932
  -0.0011459490
  -0.0016010054
  -0.0018159926
  -0.0018477724
  -0.0017712944
  -0.0016401353
  -0.0014836037
  -0.0013183766
  -0.0011522728
  -0.0009740571
  -0.0007437372
  -0.0003940097
   0.0001944342
   0.0004362393
   0.0010812859
  -0.0004046955
  -0.0012105228
  -0.0017086009
  -0.0019200301
  -0.0019201085
  -0.0017737316
  -0.0015246050
  -0.0012158470
  -0.0009058427
  -0.0006520768
  -0.0004706391
  -0.0003137447
  -0.0000879685
   0.0003427086
   0.0007633515
  -0.0004620224
  -0.0013038233
  -0.0017520542
  -0.0018555178
  -0.0016883078
  -0.0013090317
  -0.0007855102
  -0.0002328625
   0.0001981740
   0.0004026383
   0.0004006050
   0.0003184743
   0.0002924894
  -0.0001994568
  -0.0011233264
  -0.0016074874
  -0.0016554577
  -0.0013236184
  -0.0006779556
   0.0007115792
   0.0006995470
  -0.0006124143
  -0.0012890842
  -0.0014834375
  -0.0011754675
  -0.0004150423
   0.0008843295
   0.0003692930
   0.0005648478
   0.0005392394
   0.0000825928
  -0.0006258206
  -0.0011796160
  -0.0012750102
  -0.0008048524
   0.0001722441
   0.0009734992
   0.0000788582
  -0.0001111198
  -0.0004351151
  -0.0008898686
  -0.0011391190
  -0.0008651709
  -0.0000158742
   0.0009895605
   0.0002350938
  -0.0003217911
  -0.0007108153
  -0.0009438500
  -0.0006689675
   0.0001530958
   0.0007817712
   0.0003662895
   0.0002435175
  -0.0001095325
  -0.0005855193
  -0.0004824381
   0.0000906850
   0.0001683729
  -0.0002207120
  -0.0002224278
  -0.0004828644
   0.0000917955
   0.0001682236
   0.0002408888
  -0.0001144411
  -0.0005891975
  -0.0006683282
   0.0001559501
   0.0007835931
   0.0003669401
   0.0002267259
  -0.0003296063
  -0.0007166132
  -0.0009464736
  -0.0008639973
  -0.0000126621
   0.0009902300
   0.0000679345
  -0.0001210044
  -0.0004428922
  -0.0008946153
  -0.0011407088
  -0.0011097480
  -0.0003659318
   0.0004949721
   0.0003007886
   0.0004591659
   0.0005891638
   0.0003537512
  -0.0002711084
  -0.0009492786
  -0.0012962049
  -0.0013894593
  -0.0008442928
   0.0000969169
   0.0004599306
   0.0003789420
   0.0010041793
  -0.0001437264
  -0.0010067479
  -0.0014501423
  -0.0016546163
  -0.0013227505
  -0.0006775885
   0.0007078945
  -0.0002000790
  -0.0011232325
  -0.0016069393
  -0.0018547672
  -0.0016879084
  -0.0013092647
  -0.0007868357
  -0.0002356518
   0.0001940295
   0.0003978958
   0.0003963249
   0.0003153695
   0.0002903953
   0.0007585233
  -0.0004599496
  -0.0013023166
  -0.0017509911
  -0.0019412125
  -0.0018619961
  -0.0016599034
  -0.0013753495
  -0.0010587282
  -0.0007719661
  -0.0005565204
  -0.0003963661
  -0.0002172611
   0.0000895122
   0.0007594077
   0.0000858065
  -0.0008389686
  -0.0014969079
  -0.0018444422
  -0.0018475458
  -0.0017713380
  -0.0016402471
  -0.0014837487
  -0.0013185672
  -0.0011523935
  -0.0009737615
  -0.0007425157
  -0.0003913662
   0.0001988427
   0.0003615001
   0.0005905304
   0.0007660080
   0.0002077958
  -0.0004803340
  -0.0011421883
  -0.0015989252
  -0.0018151023
  -0.0014815498
  -0.0013303235
  -0.0011903727
  -0.0010905723
  -0.0010238729
  -0.0009537146
  -0.0008243120
  -0.0005737915
  -0.0001339749
   0.0000903553
  -0.0000455457
  -0.0002071296
  -0.0005132139
  -0.0009319527
  -0.0013182511
  -0.0015438354
  -0.0015799203
  -0.0007682327
  -0.0004707446
  -0.0002697305
  -0.0002049394
  -0.0002421799
  -0.0002919609
  -0.0002543401
  -0.0000605173
   0.0003241426
   0.0003600071
  -0.0002378414
  -0.0005855214
  -0.0008599746
  -0.0011033032
  -0.0012597971
  -0.0012518970
  -0.0010653565
   0.0004922424
   0.0003617688
   0.0003186573
   0.0003639327
  -0.0003166740
  -0.0007169209
  -0.0009280868
  -0.0009472978
  -0.0007367270
  -0.0003042059
   0.0008086593
  -0.0000859152
  -0.0004182203
  -0.0004586307
  -0.0001514767
   0.0007965401
   0.0002723877
   0.0001290318
   0.0002923302
   0.0006617046
   0.0006490655
   0.0016881627
   0.0012509368
   0.0011531024
   0.0013544552
   0.0017741944
   0.0019111207
   0.0016287583
   0.0006316920
   0.0010588556
   0.0014804442
   0.0017236753
   0.0017363097
   0.0015622702
   0.0012435366
   0.0006190482
   0.0009657805
   0.0011484111
   0.0011686045
   0.0010754407
   0.0002157728
   0.0001963117
   0.0007291440
   0.0010032243
   0.0010328954
   0.0002690920
   0.0010356433
   0.0015168272
   0.0016852472
   0.0015538498
   0.0004023829
   0.0012455404
   0.0017709601
   0.0019239675
   0.0017097516
   0.0012005752
   0.0017025860
   0.0016717094
   0.0011798845
   0.0011782243
   0.0006820323
   0.0012482295
   0.0014789646
   0.0013747254
   0.0009091221
   0.0015776147
   0.0018649115
   0.0017876306
   0.0013312949
   0.0005204577
   0.0012849977
   0.0017626118
   0.0018516464
   0.0015181391
   0.0007744032
   0.0013276311
   0.0014462400
   0.0011027503
   0.0003058892
   0.0002174042
   0.0008094198
   0.0010790981
   0.0011789294
   0.0011365072
   0.0010143265
   0.0003971160
   0.0014797081
   0.0017248555
   0.0017397930
   0.0015680592
   0.0012509890
   0.0006294249
   0.0010568989
   0.0017744234
   0.0019136623
   0.0016329510
   0.0012538189
   0.0011535088
   0.0013537597
   0.0016896387
   0.0014338945
   0.0013285872
   0.0007520740
   0.0012777514
   0.0017573500
   0.0018480402
   0.0015158741
   0.0007731589
   0.0015744563
   0.0018631562
   0.0017871644
   0.0013319008
   0.0005218622
   0.0012479810
   0.0014798053
   0.0013766897
   0.0009120406
   0.0006856847
   0.0011794343
   0.0012018914
   0.0017030865
   0.0016717051
   0.0011798498
   0.0008585041
   0.0015531426
   0.0018941975
   0.0018596232
   0.0014749703
   0.0002695965
   0.0010351034
   0.0015154185
   0.0016832300
   0.0015514921
   0.0001949935
   0.0007269514
   0.0010004368
   0.0010298332
   0.0009328990
   0.0005416951
   0.0005471869
   0.0007433098
   0.0008743299
   0.0003287422
   0.0002655923
   0.0003603774
   0.0007195200
   0.0010849184
   0.0006259624
   0.0001135297
  -0.0000735074
  -0.0000855829
   0.0001057162
   0.0004755233
   0.0009964703
   0.0006917436
   0.0001244820
  -0.0002111575
  -0.0004005240
  -0.0004536770
  -0.0003622670
  -0.0001274677
   0.0002074354
   0.0005521120
   0.0008292518
   0.0006844501
   0.0005378044
   0.0004186079
   0.0001243538
  -0.0002317135
  -0.0004653491
  -0.0006261062
  -0.0007129214
  -0.0006994648
  -0.0005721839
  -0.0003559701
  -0.0001106781
   0.0000941491
   0.0002098472
   0.0002297076
   0.0001902001
   0.0001513205
   0.0001670052
   0.0002597842
   0.0001578351
  -0.0001007376
  -0.0002908075
  -0.0004811018
  -0.0006812210
  -0.0008534439
  -0.0009482765
  -0.0009416191
  -0.0008475143
  -0.0007063830
  -0.0005641412
  -0.0004545154
  -0.0003890685
  -0.0003553076
  -0.0003219284
  -0.0002488985
  -0.0000974752
   0.0001671544
   0.0003358505
   0.0002041569
   0.0001321873
   0.0000107137
  -0.0002141475
  -0.0005208953
  -0.0008312274
  -0.0010647810
  -0.0011824491
  -0.0011920130
  -0.0011281244
  -0.0010293566
  -0.0009244342
  -0.0008278774
  -0.0007402371
  -0.0006490052
  -0.0005298007
  -0.0003486409
  -0.0000609410
   0.0004071296
   0.0004052167
   0.0005387561
   0.0005977038
   0.0004872795
   0.0001793330
  -0.0002596258
  -0.0007095508
  -0.0010672235
  -0.0012863105
  -0.0013725714
  -0.0013575394
  -0.0012755290
  -0.0011536577
  -0.0010119986
  -0.0008658998
  -0.0007241132
  -0.0005826699
  -0.0004201038
  -0.0001970536
   0.0001493661
   0.0004930620
   0.0008414713
   0.0010820619
   0.0003461071
  -0.0002415867
  -0.0007728663
  -0.0011564355
  -0.0013694474
  -0.0014318238
  -0.0013768134
  -0.0012355879
  -0.0010366308
  -0.0008110811
  -0.0005931379
  -0.0004101012
  -0.0002674689
  -0.0001414739
   0.0000158167
   0.0002721523
   0.0007084694
   0.0011733640
   0.0004097640
  -0.0002702261
  -0.0008356004
  -0.0012033429
  -0.0013639602
  -0.0013438669
  -0.0011777058
  -0.0009025617
  -0.0005661406
  -0.0002317111
   0.0000347679
   0.0001933902
   0.0002528677
   0.0002650703
   0.0002966172
   0.0004348192
   0.0009767997
  -0.0000625153
  -0.0006820876
  -0.0010888857
  -0.0012479479
  -0.0011751334
  -0.0009054961
  -0.0004897623
  -0.0000074009
   0.0004319631
   0.0007207933
   0.0008070459
   0.0007213125
   0.0005452502
   0.0006151542
   0.0009939456
   0.0005981348
  -0.0000214737
  -0.0005987085
  -0.0009792209
  -0.0010972960
  -0.0009497559
  -0.0005688006
  -0.0000224414
   0.0005714775
   0.0009877308
   0.0006093476
   0.0004431741
   0.0006379433
   0.0006791889
   0.0004491845
  -0.0000097465
  -0.0005133153
  -0.0008617629
  -0.0009344467
  -0.0006985419
  -0.0001912663
   0.0004746366
   0.0011870165
   0.0006966244
   0.0002935572
   0.0002639143
   0.0001555858
  -0.0001222084
  -0.0004892509
  -0.0007601794
  -0.0007751488
  -0.0004718306
   0.0000986624
   0.0011477561
   0.0006776207
   0.0001341510
  -0.0000742908
  -0.0003063280
  -0.0005588967
  -0.0006738940
  -0.0004984002
  -0.0000249110
   0.0005594138
   0.0009482158
   0.0009477207
   0.0006432708
   0.0002827587
  -0.0001072130
  -0.0003786075
  -0.0005168201
  -0.0003578623
   0.0000875274
   0.0004718712
   0.0004980439
   0.0003470761
   0.0002878315
   0.0000620404
  -0.0002565905
  -0.0002142805
   0.0001151990
   0.0002168832
  -0.0000214094
  -0.0000230347
  -0.0002151752
   0.0001153054
   0.0002163762
   0.0002857457
   0.0000583828
  -0.0002595253
  -0.0003580650
   0.0000886392
   0.0004731974
   0.0004988255
   0.0003472890
   0.0002768749
  -0.0001128415
  -0.0003828806
  -0.0005190514
  -0.0004981225
  -0.0000233878
   0.0005614156
   0.0009499218
   0.0009487460
   0.0006437257
   0.0001263883
  -0.0000812120
  -0.0003117896
  -0.0005624188
  -0.0006753875
  -0.0006623457
  -0.0002105321
   0.0004364216
   0.0009282956
   0.0004148596
   0.0003347185
   0.0002684300
   0.0002211614
   0.0000302852
  -0.0003099315
  -0.0006512815
  -0.0008070522
  -0.0008537514
  -0.0004725689
   0.0001336405
   0.0009545154
   0.0003375341
   0.0005396509
   0.0006798462
   0.0005929218
   0.0002337101
  -0.0002730012
  -0.0007185056
  -0.0009368547
  -0.0010548642
  -0.0007844283
  -0.0003095048
   0.0002780581
   0.0011373552
   0.0008053240
   0.0003931801
   0.0003928561
   0.0008107053
   0.0011146182
   0.0002929856
  -0.0003287879
  -0.0008202493
  -0.0010722569
  -0.0012380714
  -0.0010617669
  -0.0007115778
  -0.0002510494
   0.0002236298
   0.0005979415
   0.0007861519
   0.0007778995
   0.0006365187
   0.0004439676
   0.0007101715
   0.0011991795
   0.0002913448
  -0.0003935193
  -0.0009157182
  -0.0011986398
  -0.0013738276
  -0.0012765561
  -0.0010512123
  -0.0007390078
  -0.0003956904
  -0.0000886267
   0.0001256347
   0.0002303496
   0.0002584427
   0.0002728287
   0.0003372515
   0.0004382874
   0.0009530204
   0.0000657311
  -0.0005732027
  -0.0010450525
  -0.0013075549
  -0.0014313527
  -0.0013766265
  -0.0012356852
  -0.0010370841
  -0.0008119639
  -0.0005944267
  -0.0004116024
  -0.0002688374
  -0.0001423346
   0.0000156965
   0.0002726835
   0.0004925127
   0.0008415529
   0.0010833286
   0.0003493994
  -0.0002387799
  -0.0007707835
  -0.0011550481
  -0.0013685989
  -0.0013751868
  -0.0013229479
  -0.0012182096
  -0.0010842971
  -0.0009388341
  -0.0007944114
  -0.0006541526
  -0.0005055236
  -0.0003180381
  -0.0000425153
   0.0004061752
   0.0003448406
   0.0004761212
   0.0005868316
   0.0005711829
   0.0003599890
  -0.0000269206
  -0.0004875479
  -0.0009020134
  -0.0011933189
  -0.0013436707
  -0.0011668612
  -0.0010811171
  -0.0009762742
  -0.0008742023
  -0.0007824020
  -0.0006948124
  -0.0005927128
  -0.0004465477
  -0.0002177276
   0.0001487297
   0.0002560613
   0.0001711477
   0.0000858947
  -0.0000845988
  -0.0003578477
  -0.0006784153
  -0.0009594250
  -0.0011376694
  -0.0011987260
  -0.0007806192
  -0.0006332675
  -0.0005036105
  -0.0004151988
  -0.0003675064
  -0.0003376993
  -0.0002886834
  -0.0001799902
   0.0000249184
   0.0003617393
   0.0003550634
   0.0000154419
  -0.0001962163
  -0.0003813170
  -0.0005790429
  -0.0007723473
  -0.0009120650
  -0.0009576349
  -0.0009039871
  -0.0002339695
  -0.0000000199
   0.0001654167
   0.0002327658
   0.0002178501
   0.0001721870
   0.0001565009
   0.0002118732
   0.0003376212
   0.0003832989
  -0.0000730493
  -0.0003579364
  -0.0005526706
  -0.0006795518
  -0.0007204856
  -0.0006505686
  -0.0004736455
   0.0003832701
   0.0007670810
   0.0006147180
   0.0004844110
   0.0003627516
   0.0003552697
  -0.0000626606
  -0.0003226548
  -0.0004447266
  -0.0004277552
  -0.0002633029
   0.0000297989
   0.0010030663
   0.0006993860
   0.0001132775
  -0.0000741657
  -0.0000870049
   0.0001034251
   0.0004727829
   0.0010903679
   0.0006317607
   0.0003285104
   0.0002647833
   0.0003587149
   0.0007172770
   0.0008776774
   0.0005436051
   0.0005473685
   0.0007424473
   0.0009338434
   0.0012226416
   0.0012815682
   0.0013769951
   0.0008646123
   0.0011295677
   0.0012957947
   0.0013196704
   0.0012145326
   0.0008719803
   0.0010084896
   0.0010423123
   0.0007856297
   0.0010370353
   0.0011205866
   0.0010269572
   0.0012922867
   0.0013525209
   0.0012127793
   0.0008747106
   0.0012477986
   0.0013702027
   0.0012388042
   0.0011256513
   0.0010938879
   0.0009800857
   0.0012165088
   0.0013441784
   0.0012474333
   0.0009224479
   0.0013031998
   0.0013738221
   0.0012088965
   0.0008109132
   0.0011924278
   0.0010294185
   0.0007651709
   0.0009540414
   0.0010393857
   0.0010306264
   0.0011294582
   0.0012970402
   0.0013225505
   0.0012190170
   0.0008636529
   0.0012821730
   0.0013792099
   0.0012241035
   0.0011697555
   0.0011401337
   0.0008454496
   0.0012993016
   0.0013710339
   0.0012070671
   0.0008098725
   0.0013059974
   0.0013236816
   0.0011131165
   0.0006789378
   0.0010649334
   0.0008431806
   0.0011260864
   0.0010911074
   0.0013412172
   0.0013345038
   0.0008207101
   0.0011844189
   0.0013469976
   0.0013056720
   0.0007846519
   0.0010355674
   0.0011187830
